version https://git-lfs.github.com/spec/v1
oid sha256:bd8b16b7ed58c01cf522d91d042ba281243088c19dcbb63abe6038ae33882095
size 21401
